Silinder;5.0;4.0;282.7433388230814;125.66370614359172;314.1592653589793
Silinder;5.0;4.0;282.7433388230814;125.66370614359172;314.1592653589793
Kera;3.0;113.09733552923255;18.84955592153876;113.09733552923254
Kera;3.0;113.09733552923255;18.84955592153876;113.09733552923254
Kera;3.0;113.09733552923255;18.84955592153876;113.09733552923254
Kera;4.0;201.06192982974676;25.132741228718345;268.082573106329
Kera;4.0;201.06192982974676;25.132741228718345;268.082573106329
Silinder;5.0;4.0;282.7433388230814;125.66370614359172;314.1592653589793
Kera;4.0;201.06192982974676;25.132741228718345;268.082573106329
Kera;5.0;314.1592653589793;31.41592653589793;523.5987755982989
Kera;5.0;314.1592653589793;31.41592653589793;523.5987755982989
Kera;5.0;314.1592653589793;31.41592653589793;523.5987755982989
Kera;5.0;314.1592653589793;31.41592653589793;523.5987755982989
Silinder;555.0;5.0;1952813.9934714152;17435.839227423352;4838445.38560998
Silinder;55.0;5.0;20734.511513692636;1727.8759594743863;47516.58888554563
